31
100 99 1000000000
99 100
0 0 10
1 2
1 3 2
3 4
92 55 214773134
20 93
54 94 406241903
38 45
11 48 452940426
7 41
79 98 977032120
8 29
47 55 967185758
6 5
51 95 868558127
2 30
2 74 726644559
38 28
68 3 196411364
5 42
25 92 638882326
95 4
37 66 256079188
78 79
22 92 789388633
61 83
89 33 999626074
9 35
70 23 260417767
5 92
95 23 891881631
80 26
18 39 198363941
73 88
30 10 657934914
43 21
99 37 393476507
82 43
22 86 398047294
32 77
78 65 375954722
1 39
71 3 160000998
98 48
98 76 920339111
68 83
3 24 831716186
63 69
37 42 722068941
31 22
17 55 112538488
49 26
77 81 476642717
96 59
98 48 946383129
97 35
32 60 612227364
63 32
63 41 88220131
36 37
