28
7
203231367 451780517 459595616 714112145 226833051 306916191 657346608
904774681 811557123 9791056 177282871 912279624 307780094 374339264
300693761 219432676 334019596 846753231 71397710 886413945 832576802
388295708 648407315 576427997 892397565 4754403 432109962 355351528
963946871 345739069 502423366 353786438 747260981 498739187 663216430
873135597 90214734 831708418 732715463 562022333 897517427 100328173
236456607 797469997 589606507 266176494 500972468 635861895 704706027
5
215465236 207637815 991214121 555486555 564257765
325387100 584551931 109794386 732899435 169896264
137718288 104442594 991573812 649658150 556311357
287329901 149597426 725296158 862684347 908752677
205499874 249025843 19197188 613622336 105447514
3
660324591 525723048 857093440
611989240 705969670 455080177
63343836 336166448 725076326
4
809786762 389741088 151969345 916089007
740969848 686608151 825152316 783327174
10525477 668303885 591379635 282134418
137126365 920849837 348420142 384081939
10
509749010 775975114 79593574 154188352 318798799 720815606 82312966 204219039 239196338 67368267
958495333 927544419 741304864 802845799 467403068 564589312 909197555 342356659 174537119 202930960
866049581 998420321 600146823 882928805 162604742 357011064 66909748 23591601 669319500 579347927
136553531 522221512 284728045 187627608 166577142 50570011 601832076 978591643 192278135 129308638
976376510 810886996 140244816 491503431 297133225 144964864 749551131 674975924 206809358 176836164
494731555 708878819 575815946 295953660 347771033 902132310 758685755 465659901 982898817 249499034
18958865 731991287 446337174 194360673 438359787 546975859 892474910 343621425 147431464 142338847
219865121 206057993 792751701 950048211 938355790 939047997 97589965 428457531 615604390 137230628
998886404 738583026 212039795 88315362 516134572 952126050 82054488 151454470 236444381 692324255
793427933 37544652 839693412 626993055 572426527 965481396 874382552 747067194 341503511 561004158
4
44957563 17315348 377857195 183604860
575679687 573225154 181498089 451848875
166232261 837038741 150117241 486518160
307290549 548285189 230185812 722582530
1
853951087
7
901582689 386218152 827009808 400485215 77646746 326518857 296342571
280776189 139482350 378493843 598490952 811065542 108300041 464192037
392229082 52881427 686789314 315354009 589213796 467310283 230178647
716526853 283058547 653490865 388102860 966441958 214819065 382668585
416631043 719338447 738338123 562590082 681798911 328962197 671251155
375295132 56932502 270648242 646644469 724781670 128902502 848764377
629824096 256534909 545240135 768417092 546495352 729906954 505691502
1
439042628
4
89323551 805572386 908656562 929593181
314776913 319968376 745239772 200963007
216764761 481760772 824831884 871239665
572530160 787185538 82210371 984834498
2
173798182 155564420
682338831 278317785
7
112478445 720958399 388986530 171431129 373535356 170906270 592688817
237846812 235144151 188199959 378418316 939337374 217591315 275175676
168976341 486324705 161315473 812263303 690454414 20020223 906247401
265955596 142885695 121509107 352446971 980086425 326246451 684291948
934056645 404018562 17397461 887202864 877670802 406329756 715255727
933668814 916274501 732390966 57317039 67547121 236738921 798668284
74058607 835892424 796756099 427378265 194386327 408759125 136298098
10
88401421 126496662 408056514 898563403 941007580 866700653 5501042 948598926 617709779 509560919
190336581 942937650 564183120 806857367 487045588 572588467 94323134 403749941 683959479 236271152
794457876 639100566 887327207 901442078 568958153 603433835 239906940 803492433 736861374 688191332
155190677 953137897 734664021 483208301 176986923 489056837 9337602 476703731 780629543 941650908
426082263 457204479 871673841 748455422 108226839 568655912 619068491 194977003 773532179 225962247
808840226 995815023 146413470 705547959 912593742 174899352 579196409 139178755 700330018 131065910
434271874 485623753 391096369 648114795 130097125 854148906 493719835 728131746 811166486 523074929
184369234 359591518 265571040 690680407 367360483 857573728 393227611 774027633 250620146 46413773
451803972 979938784 295798237 390438899 987832620 475097238 671677109 29140829 346887739 47449560
894343503 939656579 982834842 247784250 557548662 389858344 175070347 739473652 87455899 277412429
2
546084175 149068699
6762928 944515976
9
698519638 576328805 219863541 684289663 865112104 538781848 717268383 302063564 795671955
909281815 518570640 866308852 61247740 910123347 213175298 225608811 146160625 798884029
869812544 307414248 485419837 84551275 517543053 602441114 128007999 989674234 791803252
251674485 561285870 388686129 918254930 263389967 183753705 441964898 567073144 820963796
470799070 462728521 420422826 211460433 418687920 603542199 759673588 479698311 627490131
930864291 307707907 386997723 201622622 483783709 888174066 702437264 469926267 875167187
774510704 361006369 214636618 618155244 43554506 71646111 279446039 502407122 65419339
420719635 547721773 681485273 46442154 151637165 933455944 150738100 975835975 202710867
3780881 404530449 951060095 31136173 331653579 481145478 501044447 826886717 999954737
8
833116609 826980772 36550152 678363427 138313617 963299375 580957693 445094054
216719917 302395534 130958068 754853308 935217889 821739560 601418408 601380754
311006143 493318772 740137390 95859817 376479876 406491270 699927165 449883811
52688443 69738452 488124516 923871509 110014276 391567933 917880812 664281874
962426250 50035197 115659383 603157695 890716352 656124856 558398474 223432401
850582473 969004162 494828949 983366789 545485293 439607594 763172585 52121752
390639717 443515106 3525026 71882675 966603470 761871028 823549524 311532098
881845717 11499827 919046693 984288994 189907709 986058791 212388293 220321279
5
286119385 986156247 825301594 710810621 136741581
232547939 600713213 120944377 819485328 205991993
720020273 116961773 185155145 490479295 352171693
723195918 140895556 199978837 544943367 309097878
391603241 318130058 545410920 2862064 552891094
9
891150152 834693108 982027148 289452658 811899013 864674296 976904929 370297230 294058453
151726873 939096660 615603600 819409970 238563864 846581132 265037045 233482891 594074234
74881929 721369248 523835652 665664772 766239274 963608280 303926203 906086038 881588780
871503270 900046980 779335655 452729707 405884277 677345929 599990757 263716539 78783121
43827467 298646803 974746191 363534149 303665620 213869580 240578393 360257502 586858839
948218528 413789246 994314272 419632115 136090773 671693379 902900548 487967029 200696085
814289745 971266626 83928663 292354599 2271368 126629829 414849884 136973439 216379188
401982141 628730631 882508584 130342656 605007849 137491916 890159975 930647082 426276910
490287368 937533460 236811508 812487881 44681660 921764752 654777100 293653321 993774317
7
95081158 930097539 903049057 644089095 621233223 589480277 568768784
450886724 996560663 961560867 247249371 938277369 739875820 737797772
328822744 482961100 746605017 292277614 769017696 952986772 80988241
126647110 378139050 446072297 801683973 870079066 746094692 22703631
970361838 425165548 235337417 504435165 345423876 52847918 443143116
73218705 712442150 354348110 664775527 895684512 944031783 136968402
571920660 498374140 978395330 954796391 25381148 217777776 749971188
1
303481519
1
21979835
7
787892398 914799125 270033097 19868158 605195276 762738463 896531841
155319880 621974774 411120118 858777220 621442534 680869556 502987804
462795452 416565405 909125628 297070901 999645974 268135537 635157581
344134955 633138414 854611795 821342636 686910859 390310099 456428128
78239165 510553175 314579745 472900948 90223647 357536008 506735707
267044681 965473111 769889343 167355673 211677754 35321699 669959242
558789594 316587862 95378243 645925986 748317570 940093658 648995482
7
371442197 206936262 674687143 628412141 635879909 311651595 565121298
73748591 658262212 24779193 580529507 338177587 868879265 73491576
803745174 985382815 714598306 506653790 732984533 696266944 888194704
187019429 577569027 63881120 521182613 462139569 291345356 770807352
931542507 860570862 635057433 942980543 624305239 695568930 608270628
656629349 821192196 956865900 48640572 28209825 422330248 445691861
972487603 774445568 906905053 137906324 254888638 336092111 622011462
5
82795769 680389630 824459903 124755264 120759477
871606923 228981445 947134372 778215126 767749432
713333612 190452210 219193947 119233535 405458392
374252661 479109250 856625958 505125943 60352599
152292275 563563309 103534646 353847546 752107494
4
74644833 194682269 82575308 410352903
837297728 685617737 297105520 883067465
108110222 837318983 203836560 275147344
689813424 781584683 102500088 985999659
3
643736797 70196895 766457603
293066384 884868019 359526585
373256698 13643391 713847632
6
968725898 870842306 149640393 540283727 290421298 444091031
398468844 26298901 759319552 162477322 620253641 54135133
864834768 479378779 619179173 382395810 790499588 265956193
826197925 683716268 346199350 700617716 898972536 634239052
572327706 569615442 533573193 187175235 680251426 229202489
954132247 948357860 329799807 57683726 561103043 787610946
8
164892331 847026622 643838169 797239685 449902967 704127445 276940740 865748066
553409011 120582494 660912861 252633229 364248729 210797983 945173714 274032443
839793532 69810848 430223553 496088345 381254160 238599686 393081235 655947804
230773074 497807453 334386902 172444798 345733315 597955244 615574721 172555999
883877202 104437568 847803194 767810354 398604280 62822955 664932589 73476993
912625737 262428025 857860698 772778099 564342378 219857409 750879921 820137407
261966035 544061830 101368675 258385983 860477961 476488785 930773775 607432859
674038888 77338849 272813216 850514780 876150672 642641890 324853564 552343141
