100
10 2
10
10 16
170
37 10
a
10 54
2151644657499665
10 62
1000000000000000000
2 36
110111100000101101101011001110100111011001000000000000000000
10 62
0
2 36
0
2 3
11011110000010110110101100111010011101100
10 11
2855969822815
36 37
17LHW0E6
36 62
6D4DTY2NCY7M
30 18
7Q9LPS84OC
5 15
024204204032323322141
40 3
1XOcAVbMXVCa
62 13
UC3e
38 18
E89SbGCWJ
28 19
BDQC88CIDKP
61 9
DCS7R
18 31
029BFB416BG9246
7 60
10566142
14 10
9867277D
15 60
3114B484
43 48
SS1XF
26 55
3EGC249A00
29 4
K8
57 13
V4gnK
30 51
65GC9G769
49 39
j7bQO5Fd4
47 60
ZjT
54 38
1L4VTf
40 4
GYDOb3
42 22
JZVRfBPC
40 60
XP0
31 22
Q2P5153
47 21
SEHV
40 35
9aZMW
35 55
33X9DB8
49 25
0
45 50
JW7XYKO
17 60
5F
49 8
I
59 33
V3v
49 6
hEOjM7fi0
12 50
0AB4986
50 30
3CAMaND9fEJ
10 32
59293
56 25
aB89bTBSJ7
16 23
53CAAD2
41 32
D6BDA
19 32
BE9638H4511G
44 27
4R9
8 11
10216643463
20 52
HB5F0AA
55 58
WOSfkVYAL
45 39
feONJCAI
49 6
57XNlgk
13 42
7098CC
53 5
TeeC70nV7
18 31
7H416DGGE548
50 55
TbbVWRi
12 36
382494090
7 60
46542661342411420206
18 24
F60579F72
51 6
aK55
8 21
1637
46 45
4DJgCEdXhG
61 23
UgCRed2d
36 30
1F8FXS
56 39
R4aSoHRqG4
44 43
PbFP4NR
19 51
FBI349E
19 61
22
4 33
1222111300222133100
49 27
2H
23 13
2287FFA
56 16
KeHLpd
22 25
0BIG5
55 32
OI
6 3
1112504200421233304
19 32
AF
17 59
08ECFDG626BC98
38 34
bG2bZ
41 55
CNE
46 5
4PL2STie4H9
33 7
B4
17 25
31C
39 58
Lbb
46 30
bhejKF
17 52
FC
18 50
5GEEB90H
44 35
64c
39 32
D2VFI
44 13
cPGMXfY
49 29
PaVQT1FKb2
31 60
H0T4KAQUOE
14 12
37920
17 11
D5
57 2
80n0SFqn8
37 47
6Q
